2
20 100 5000 40
1 100 10
2 90 9
3 80 8
4 70 7
5 60 6
6 50 5
7 40 4
8 30 3
9 20 2
10 10 1
11 110 10
12 120 9
13 130 8
14 140 7
15 150 6
16 160 5
17 170 4
18 180 3
19 190 2
20 200 1
1 2 5
2 3 6
3 4 7
4 5 8
5 6 9
6 7 10
7 8 11
8 9 12
9 10 13
10 11 14
11 12 15
12 13 16
13 14 17
14 15 18
15 16 19
16 17 20
17 18 21
18 19 22
19 20 23
20 1 24
1 5 4
2 6 3
3 7 2
4 8 1
5 9 5
6 10 6
7 11 7
8 12 8
9 13 9
10 14 10
11 15 11
12 16 12
13 17 13
14 18 14
15 19 15
16 20 16
17 1 17
18 2 18
19 3 19
20 4 20
15 80 3000 30
1 90 10
2 80 9
3 70 8
4 60 7
5 50 6
6 40 5
7 30 4
8 20 3
9 10 2
10 100 1
11 110 10
12 120 9
13 130 8
14 140 7
15 150 6
1 2 5
2 3 6
3 4 7
4 5 8
5 6 9
6 7 10
7 8 11
8 9 12
9 10 13
10 11 14
11 12 15
12 13 16
13 14 17
14 15 18
15 1 19
1 5 4
2 6 3
3 7 2
4 8 1
5 9 5
6 10 6
7 11 7
8 12 8
9 13 9
10 14 10
11 15 11
12 1 12
13 2 13
14 3 14
15 4 15
